
strategic_region={
	id=10
	name="STRATEGICREGION_10"
	provinces={
		161 1001 2296 2810 3383 3619 4017 4332 4691 4754 4913 5011 5022 5313 5640 5945 5977 6041 6177 6249 6510 7191 7212 7302 7542 7553 7568 8050 8092 8175 8241 8268 8413 8574 8625 8841 9154 9177 9266 9327 9441 9535 9772 10155 10216 10451 10465 10609 10673 10756 10772 10907 10908 11991 11995 12005 12022 12028 12051 12053 12066 12069 12076 12081 12087 12092 12098 12100 12103 12104 12115 12118 12126 12127 12129 12135 12158 12167 12173 12176 12195 12207 12208 12214 12260 12264 12267 12270 12273 12276 12285 12291 12292 12293 12300 12314 12318 12323 12327 12328 12334 12335 12341 12345 12372 12373 12381 12383 12392 12405 12406 12417 12429 12441 12464 12482 
	}
	weather={
	}
}
