
strategic_region={
	id=103
	name="STRATEGICREGION_103"
	provinces={
		185 197 236 312 314 396 491 496 565 708 767 808 856 947 1029 1054 1057 1228 1272 1327 1439 1556 1558 1576 1609 1730 1788 1873 1876 2103 2174 2214 2340 2354 2407 2463 2471 2473 2815 2860 2879 2884 2900 2953 2956 3022 3048 3052 3145 3160 3183 3238 3259 3447 3483 3673 3708 3774 3975 4167 4275 4301 4321 4406 4481 4582 4679 4739 4816 4908 4912 4926 4932 4988 5065 5203 5284 5327 5463 5466 5534 5544 5663 5704 5721 5836 6020 6067 6133 6206 6208 6222 6245 6321 6391 6416 6487 6495 6505 6662 6738 6807 6846 6920 6945 6961 7026 7105 7218 7373 7384 7385 7411 7417 7419 7571 7592 7604 7674 7718 7737 7775 7792 7822 7833 7844 7856 7924 8044 8048 8051 8087 8098 8168 8255 8393 8450 8562 8569 8665 8706 8725 8804 9143 9287 9299 9330 9434 9436 9488 9630 9676 9831 9840 9917 9944 9983 9989 10028 10057 10178 10196 10390 10426 10563 10637 10650 10719 10803 10892 15968 15969 15975 15988 16004 16039 16051 16061 16074 16082 16085 16106 16107 16132 16134 16138 16158 16160 16162 16171 16205 16211 16216 16220 16234 16239 16244 16245 16252 16262 16265 16269 16270 16278 16284 16285 16294 16298 16304 16307 16311 16317 16318 16323 16330 16342 16355 16366 16376 16389 16391 16397 16402 16403 16404 16410 16420 16423 16444 16460 16461 16490 16535 16547 16567 16593 16609 16625 
	}
	weather={
	}
}
