strategic_region={
	id=109
	name="STRATEGICREGION_109"
	provinces={
		132 19 24 25 31 33 38 44 45 56 60 63 68 71 72 80 95 100 126 136 137 171 180 196 203 205 210 259 263 265 267 295 297 306 311 319 324 327 341 347 356 389 407 455 457 466 473 475 479 483 485 488 497 511 514 519 541 552 556 558 562 563 578 595 599 608 612 627 629 630 644 645 677 678 706 707 713 721 729 737 759 766 769 777 779 815 835 877 878 881 888 893 902 906 914 939 941 952 955 967 983 984 992 1009 1028 1041 1049 1055 1097 1106 1107 1116 1117 1124 1157 1169 1172 1196 1207 1212 1225 1240 1247 1259 1271 1279 1285 1291 1308 1323 1330 1336 1348 1352 1372 1378 1384 1394 1402 1412 1416 1441 1443 1449 1453 1462 1463 1483 1486 1528 1536 1540 1559 1563 1564 1579 1596 1600 1602 1626 1640 1641 1644 1648 1669 1686 1699 1714 1722 1725 1743 1745 1759 1770 1777 1789 1795 1798 1828 1832 1844 1878 1882 1886 1905 1917 1925 1936 1957 1967 1976 1997 2003 2011 2013 2022 2027 2050 2109 2112 2113 2123 2130 2135 2141 2142 2149 2152 2169 2172 2179 2190 2200 2210 2218 2238 2253 2278 2290 2291 2293 2335 2347 2350 2351 2358 2361 2368 2377 2408 2416 2425 2449 2450 2462 2483 2494 2504 2505 2521 2533 2538 2541 2544 2554 2560 2562 2563 2601 2606 2619 2632 2651 2662 2678 2679 2682 2684 2695 2696 2698 2702 2715 2719 2738 2743 2761 2780 2784 2792 2821 2835 2861 2866 2873 2908 2913 2915 2927 2954 2967 3003 3015 3029 3043 3049 3114 3116 3144 3152 3159 3167 3174 3197 3224 3226 3237 3240 3281 3284 3300 3304 3307 3325 3328 3329 3332 3337 3358 3369 3370 3401 3425 3432 3437 3508 3509 3510 3518 3537 3550 3562 3582 3601 3635 3682 3687 3689 3694 3702 3712 3739 3745 3770 3784 3797 3799 3800 3814 3840 3862 3892 3909 3923 3926 3927 3944 3980 3985 3986 3998 4005 4006 4010 4012 4018 4019 4032 4034 4036 4052 4059 4061 4065 4067 4068 4069 4082 4089 4097 4099 4135 4143 4190 4192 4196 4213 4219 4239 4245 4251 4263 4304 4308 4323 4344 4364 4379 4402 4417 4433 4444 4450 4455 4476 4487 4502 4509 4518 4524 4539 4560 4567 4572 4575 4584 4587 4610 4640 4646 4658 4671 4678 4694 4695 4720 4722 4734 4779 4789 4795 4801 4813 4820 4873 4916 4930 4933 4958 4968 4992 5010 5025 5048 5051 5056 5060 5072 5092 5117 5132 5183 5193 5218 5232 5237 5240 5258 5262 5301 5351 5373 5374 5378 5382 5386 5389 5393 5403 5404 5414 5432 5437 5442 5448 5464 5468 5491 5498 5518 5524 5538 5555 5559 5568 5574 5578 5582 5583 5584 5611 5624 5629 5633 5660 5684 5696 5711 5719 5748 5758 5760 5784 5808 5824 5845 5855 5874 5883 5901 5933 5938 5946 5954 5961 5967 5997 6001 6024 6042 6068 6073 6081 6097 6098 6113 6158 6163 6183 6201 6203 6207 6227 6254 6275 6284 6302 6367 6383 6404 6408 6411 6414 6450 6461 6476 6498 6513 6515 6517 6556 6577 6598 6623 6627 6628 6638 6645 6649 6652 6665 6678 6701 6722 6735 6750 6757 6777 6787 6794 6798 6821 6865 6887 6893 6895 6916 6939 6946 6957 6964 6974 7020 7027 7052 7079 7092 7103 7110 7167 7170 7184 7225 7231 7277 7286 7307 7314 7315 7318 7324 7330 7336 7342 7344 7349 7355 7356 7391 7450 7463 7478 7499 7532 7537 7545 7589 7596 7600 7618 7623 7641 7650 7653 7687 7698 7753 7771 7774 7781 7839 7846 7867 7878 7897 7919 7949 7966 7972 8007 8017 8036 8064 8075 8106 8166 8170 8172 8216 8224 8291 8295 8317 8319 8325 8338 8418 8477 8517 8528 8558 8559 8566 8585 8619 8620 8626 8634 8649 8655 8683 8691 8703 8712 8718 8723 8728 8729 8745 8778 8788 8789 8792 8821 8846 8879 8889 8899 8920 8932 8944 8959 8966 8971 8974 8976 8982 8983 8994 9042 9052 9056 9095 9100 9114 9126 9136 9158 9162 9226 9258 9260 9307 9319 9392 9423 9453 9459 9485 9526 9548 9562 9581 9598 9617 9634 9673 9693 9707 9786 9788 9803 9816 9830 9847 9878 9945 9967 9986 10016 10021 10035 10041 10046 10061 10094 10127 10137 10175 10208 10215 10234 10264 10269 10288 10310 10336 10353 10366 10367 10396 10432 10439 10467 10468 10472 10483 10499 10516 10524 10546 10564 10586 10631 10657 10662 10703 10716 10718 10729 10732 10827 10838 10848 10856 10919 11060 11100 11112 11143 11146 11169 11175 11183 11214 11242 11257 11271 11285 11287 11297 11302 11303 11306 11324 11334 11335 11352 11357 11367 11383 11384 11385 11393 11411 11412 11414 11418 11426 11433 11437 11450 11462 11465 11481 11500 11519 11520 11524 11545 11555 11560 11570 11578 11588 11597 11598 11602 11606 11619 11626 11633 11650 11665 11670 11685 11691 11692 11696 11707 11744 11763 11782 11783 11799 11800 11809 11813 11814 11820 11831 11835 11836 11846 11853 11863 11866 11871 11872 11879 11913 11919 11931 11935 11938 11941 11947 11948 11956 11957 11968 11971 11974 11986 12001 12010 12017 12037 12040 12050 12061 12062 12090 12091 12094 12096 12097 12102 12113 12117 12123 12134 12141 12165 12166 12192 12193 12194 12198 12218 12219 12224 12242 12251 12275 12279 12282 12288 12296 12299 12325 12333 12357 12358 12366 12370 12384 12386 12387 12421 12438 12447 12448 12454 12459 12490 12493 12503 12519 12531 12555 12578 12587 12601 12629 12630 12636 12654 12668 12682 12693 12707 12726 12730 12740 12749 12765 12766 12776 12780 12798 12817 12819 12827 12837 12840 12841 12842 12898 12907 12912 12925 12963 12964 12965 12967 12988 12993 13003 13037 13039 13052 13058 13061 13068 13074 13075 13086 13089 13094 13124 13132 13143 13161 13208 13231 13235 13250 13283 13296 13320 13360 13364 13446 13483 13511 13573 13594 13630 13638 13675 13676 13693 13706 13783 13790 13829 16853 16857 16859 
	}
	weather={
		period={
			between={ 0.0 30.0 }
			temperature={ -30.0 -25.0 }
			temperature_day_night={ 5.0 -8.0 }
			no_phenomenon=0.400
			rain_light=0.000
			rain_heavy=0.000
			snow=0.350
			blizzard=0.300
			arctic_water=0.000
			mud=0.500
			sandstorm=0.000
			min_snow_level=0.300
		}
		period={
			between={ 0.1 27.1 }
			temperature={ -32.0 -26.0 }
			temperature_day_night={ 8.0 -10.0 }
			no_phenomenon=0.400
			rain_light=0.000
			rain_heavy=0.000
			snow=0.350
			blizzard=0.300
			arctic_water=0.000
			mud=0.500
			sandstorm=0.000
			min_snow_level=0.200
		}
		period={
			between={ 0.2 30.2 }
			temperature={ -28.0 -20.0 }
			temperature_day_night={ 8.0 -8.0 }
			no_phenomenon=0.600
			rain_light=0.000
			rain_heavy=0.000
			snow=0.400
			blizzard=0.100
			arctic_water=0.000
			mud=0.500
			sandstorm=0.000
			min_snow_level=0.200
		}
		period={
			between={ 0.3 29.3 }
			temperature={ -18.0 -10.0 }
			temperature_day_night={ 5.0 -5.0 }
			no_phenomenon=0.600
			rain_light=0.000
			rain_heavy=0.000
			snow=0.300
			blizzard=0.050
			arctic_water=0.000
			mud=0.500
			sandstorm=0.000
			min_snow_level=0.050
		}
		period={
			between={ 0.4 30.4 }
			temperature={ -8.0 2.0 }
			temperature_day_night={ 8.0 -3.0 }
			no_phenomenon=0.600
			rain_light=0.200
			rain_heavy=0.100
			snow=0.200
			blizzard=0.000
			arctic_water=0.000
			mud=0.500
			sandstorm=0.000
			min_snow_level=0.000
		}
		period={
			between={ 0.5 29.5 }
			temperature={ 3.0 10.0 }
			temperature_day_night={ 10.0 -3.0 }
			no_phenomenon=0.600
			rain_light=0.300
			rain_heavy=0.100
			snow=0.050
			blizzard=0.000
			arctic_water=0.000
			mud=0.500
			sandstorm=0.000
			min_snow_level=0.000
		}
		period={
			between={ 0.6 30.6 }
			temperature={ 10.0 17.0 }
			temperature_day_night={ 8.0 -5.0 }
			no_phenomenon=0.700
			rain_light=0.400
			rain_heavy=0.200
			snow=0.000
			blizzard=0.000
			arctic_water=0.000
			mud=0.500
			sandstorm=0.000
			min_snow_level=0.000
		}
		period={
			between={ 0.7 30.7 }
			temperature={ 8.0 14.0 }
			temperature_day_night={ 6.0 -7.0 }
			no_phenomenon=0.700
			rain_light=0.400
			rain_heavy=0.200
			snow=0.000
			blizzard=0.000
			arctic_water=0.000
			mud=0.500
			sandstorm=0.000
			min_snow_level=0.000
		}
		period={
			between={ 0.8 29.8 }
			temperature={ 2.0 8.0 }
			temperature_day_night={ 5.0 -5.0 }
			no_phenomenon=0.300
			rain_light=0.000
			rain_heavy=0.000
			snow=0.300
			blizzard=0.050
			arctic_water=0.000
			mud=0.500
			sandstorm=0.000
			min_snow_level=0.000
		}
		period={
			between={ 0.9 30.9 }
			temperature={ -10.0 -5.0 }
			temperature_day_night={ 7.0 -8.0 }
			no_phenomenon=0.200
			rain_light=0.000
			rain_heavy=0.000
			snow=0.400
			blizzard=0.100
			arctic_water=0.000
			mud=0.500
			sandstorm=0.000
			min_snow_level=0.000
		}
		period={
			between={ 0.10 29.10 }
			temperature={ -25.0 -18.0 }
			temperature_day_night={ 7.0 -7.0 }
			no_phenomenon=0.500
			rain_light=0.000
			rain_heavy=0.000
			snow=0.300
			blizzard=0.200
			arctic_water=0.000
			mud=0.500
			sandstorm=0.000
			min_snow_level=0.050
		}
		period={
			between={ 0.11 30.11 }
			temperature={ -30.0 -25.0 }
			temperature_day_night={ 5.0 -7.0 }
			no_phenomenon=0.400
			rain_light=0.000
			rain_heavy=0.000
			snow=0.500
			blizzard=0.350
			arctic_water=0.000
			mud=0.500
			sandstorm=0.000
			min_snow_level=0.100
		}
		period={
			between={ 4.11 21.11 }
			temperature={ -10.0 35.0 }
			temperature_day_night={ 2.0 -2.0 }
			no_phenomenon=1.500
			rain_light=0.250
			rain_heavy=0.100
			snow=0.000
			blizzard=0.000
			arctic_water=0.000
			mud=0.000
			sandstorm=0.000
			min_snow_level=0.000
		}
	}
}
