
strategic_region={
	id=110
	name="STRATEGICREGION_110"
	provinces={
		9049 131 643 749 813 918 1142 1390 1459 1510 1574 1710 2129 2133 2269 2741 2843 3041 3457 3524 3588 3650 4191 4313 4318 4337 4684 5352 5366 5396 5927 6118 6146 6380 6566 6634 6731 6812 6897 7083 7144 7221 7241 7258 7507 7572 7724 7811 7826 7946 8049 8060 8062 8186 8404 8440 8547 8705 8734 8805 8892 9308 9384 9439 9727 9744 9981 10143 10331 10475 10727 10874 10920 10926 10927 10928 10932 10934 10935 10939 10941 10944 10945 10947 10950 10952 10955 10987 10989 10998 11005 11018 11020 11047 11068 11085 11111 11234 11249 11250 11268 11279 11313 11318 11349 11364 11371 11407 11518 11664 16817 16818 16819 16820 16822 16824 16825 16826 16827 16828 16829 16830 16838 16839 16840 16851 16852 
	}
	weather={
	}
}
