
strategic_region={
	id=28
	name="STRATEGICREGION_28"
	provinces={
		5 34 58 111 148 181 214 340 345 439 472 493 506 738 753 890 1017 1020 1136 1161 1199 1332 1386 1476 1557 1586 1632 1760 1814 1817 1824 1847 1856 2025 2146 2262 2310 2418 2553 2809 2842 2947 3025 3051 3163 3223 3233 3249 3251 3269 3296 3314 3317 3381 3426 3576 3747 3823 3996 4093 4126 4229 4250 4316 4435 4458 4596 4602 4616 4622 4676 4876 4940 5076 5105 5123 5230 5372 5416 5465 5489 5628 5764 5848 5864 6114 6189 6255 6345 6406 6472 6681 6734 6792 6867 6869 6877 6937 7133 7142 7418 7727 7796 7939 7988 8225 8273 8292 8320 8375 8611 8902 8953 9191 9230 9337 9457 9467 9545 9704 9864 10015 10039 10040 10115 10481 10589 10594 10669 10844 10861 14387 14476 14516 14636 14737 14761 14772 14810 14821 14835 14849 14858 14881 14917 15082 15087 15170 15185 15191 15250 15267 15272 15303 15304 15319 15394 15408 15449 15472 15517 15544 15590 15599 15620 15656 15699 15743 15779 
	}
	weather={
	}
}
