
strategic_region={
	id=29
	name="STRATEGICREGION_29"
	provinces={
		22 77 138 145 230 252 294 310 332 384 397 434 438 476 505 520 521 600 671 690 714 730 731 741 744 756 764 823 844 851 898 969 1013 1238 1281 1292 1311 1355 1377 1436 1455 1471 1487 1525 1546 1561 1619 1658 1661 1671 1703 1709 1724 1741 1757 1863 1895 1928 1973 1990 2004 2044 2064 2092 2107 2170 2242 2258 2286 2444 2475 2502 2620 2644 2672 2674 2714 2727 2734 2778 2786 2822 2850 2899 2910 2934 2949 2978 3008 3009 3097 3136 3138 3139 3230 3280 3344 3362 3390 3410 3492 3512 3720 3727 3750 3815 3834 3848 3865 3875 3887 3933 3934 3948 3969 3972 4080 4108 4246 4256 4267 4268 4277 4290 4339 4382 4530 4543 4580 4618 4621 4629 4635 4648 4697 4699 4702 4742 4756 4845 4849 4851 4956 4998 5023 5031 5234 5310 5326 5333 5337 5387 5412 5413 5445 5590 5592 5787 5794 5796 5852 5902 5941 5972 5995 6030 6077 6090 6155 6240 6248 6256 6267 6339 6396 6504 6552 6576 6600 6685 6697 6717 6763 6809 6979 7007 7543 7552 7619 7713 7736 7751 7760 7868 7923 8077 8159 8169 8178 8202 8296 8449 8462 8474 8487 8572 8602 8721 8861 9062 9231 9322 9390 9402 9422 9507 9572 9597 9802 9905 9952 9970 10254 10338 10476 10601 10709 10741 10894 15181 15234 15281 15299 15302 15355 15374 15398 15402 15446 15480 15523 15547 15578 15579 15733 15810 15820 15846 15863 15865 15895 15896 15913 15917 15940 15948 15967 15974 15978 15987 15990 15993 16007 16033 16038 16042 16055 16060 16072 16076 16097 16100 16119 16136 16188 16192 16194 16223 16230 16260 16272 16308 16310 16360 16421 16594 16601 16693 
	}
	weather={
	}
}
