
strategic_region={
	id=34
	name="STRATEGICREGION_34"
	provinces={
		1 81 217 551 589 760 1374 1393 1837 1903 2019 2117 2120 2193 2219 2241 2243 2314 2404 2472 2481 2510 2688 2882 2965 3418 3445 3463 3711 3730 3813 3829 3870 4145 4248 4352 4463 4659 4743 4879 4925 5195 5264 5362 5439 5451 5562 5589 5602 5625 5692 5825 5914 5983 5984 6055 6137 6229 6244 6347 6426 6900 6934 7030 7183 7202 7447 7750 8143 8181 8191 8245 8279 8400 8481 8596 8618 8749 8763 8812 8916 9196 9360 9375 9456 9472 9536 9574 9658 9659 9778 9959 9972 10074 10135 10146 10214 10327 10382 10416 10526 10886 10916 14563 14572 14604 14615 14666 14676 14693 14698 14714 14721 14730 14744 14748 14773 14776 14788 14794 14795 14799 14809 14811 14814 14817 14822 14836 14837 14842 14844 14850 14865 14870 14886 14892 14899 14900 14903 14904 14905 14906 14913 14918 14919 14921 14926 14936 14939 14943 14944 14948 14950 14960 14965 14971 14972 14981 14982 14990 14994 14995 15001 15009 15011 15012 15024 15025 15026 15033 15036 15050 15052 15056 15068 15076 15077 15099 15100 15105 15111 15122 15133 15135 15145 15151 15155 18756 18759 
	}
	weather={
	}
}
