
strategic_region={
	id=36
	name="STRATEGICREGION_36"
	provinces={
	   3884	74 112 152 261 379 1488 1575 2309 2532 2799 2960 3021 3148 3262 3378 3603 3686 4310 4467 4856 4885 5024 5278 5311 5929 5940 5960 6048 6250 6336 6621 6751 6779 6880 6949 6954 6983 7029 7036 7146 7435 7644 7843 7854 7944 8047 8114 8250 8321 8369 8374 8390 8445 8522 8588 8684 8901 8957 9130 9356 9577 9682 9779 9899 10267 10313 10318 10339 10592 10783 14416 14429 14444 14451 14463 14466 14481 14497 14531 14556 14557 14581 14582 14584 14587 14605 14616 14617 14620 14627 14631 14635 14645 14649 14654 14657 14661 14664 14667 14673 14682 14690 14699 14700 14701 14705 14711 14717 14723 14727 14731 14749 14750 14757 14759 14760 14763 14769 14783 14791 14792 14796 14797 14815 14820 14823 14824 14830 14838 14839 14841 14847 14848 14853 14854 14859 14860 14864 14866 14873 14877 14882 14884 14896 14902 14907 14914 14915 14916 14922 14923 14930 14933 14940 14949 14951 14955 14986 18749 18751 
	}
	weather={
	}
}
