
strategic_region={
	id=41
	name="STRATEGICREGION_41"
	provinces={
		 307 787 1497 1662 1691 1695 1802 2326 2787 3570 3843 3942 4161 4204 4261 4265 4317 4477 4525 4566 5182 5185 5212 5272 5462 5710 5833 5858 5862 6160 6369 6625 6639 6756 6803 6826 7045 7160 7270 7365 7368 7533 7557 7621 7685 7696 7710 7888 8000 8041 8083 8139 8155 8212 8362 8423 8498 8536 8549 8707 8772 9075 9105 9383 9474 9591 9614 9873 10195 10428 10442 10469 10474 10534 10654 10711 10748 10770 10774 10917 11984 11985 11990 11999 12014 12015 12036 12038 12046 12049 12054 12064 12072 12073 12074 12078 12086 12095 12106 12107 12111 12114 12121 12124 12139 12143 12144 12149 12152 12156 12159 12163 12164 12169 12182 12187 12188 12189 12191 12201 12204 12205 12216 12226 12229 12231 12234 12235 12238 12239 12244 12255 12259 12263 12265 12274 12290 12307 12312 12313 12316 12317 12342 12346 12347 12351 12359 12362 12402 12408 12409 12419 12426 18737 18738 
	}
	weather={
	}
}
