
strategic_region={
	id=43
	name="STRATEGICREGION_43"
	provinces={
		13 159 184 339 364 419 641 852 865 1081 1121 1230 1357 1504 1701 1784 1840 1866 1988 2001 2364 2495 2557 2565 3065 3131 3188 3219 3248 3360 3406 3534 3561 3593 3811 3936 4046 4165 4180 4207 4226 4326 4470 4512 4541 4613 4736 5090 5526 5618 5619 5651 5713 5782 5897 6033 6051 6161 6403 6550 6585 6670 6686 6790 6858 6923 6962 7021 7145 7163 7166 7201 7207 7214 7240 7257 7319 7320 7570 7776 8004 8071 8183 8227 8343 8968 9087 9201 9214 9233 9249 9391 9407 9471 9558 9609 9623 9764 9887 10147 10176 10227 10257 10290 10495 10595 10603 10611 10616 10677 10800 10822 10857 10902 11142 11145 11168 11179 11220 11241 11260 11284 11288 11305 11307 11312 11316 11320 11328 11331 11337 11342 11344 11351 11356 11366 11380 11392 11399 11403 11404 11410 11417 11429 11431 11442 11444 11458 11461 11464 11473 11480 11490 11495 11496 11505 11509 11513 11514 11526 11539 11550 11559 11566 11567 11572 11583 11584 11594 11595 11609 11610 11611 11614 11623 11624 11625 11631 11638 11645 11646 11647 11649 11652 11653 11663 11672 11677 11678 11681 11682 11686 11687 11695 11699 11700 11703 11709 11710 11713 11714 11716 11719 11722 11723 11724 11730 11735 11740 11743 11747 11753 11754 11768 11773 11790 11791 11795 11884 16863 18698 18718 18719 18720 
	}
	weather={
	}
}
