
strategic_region={
	id=45
	name="STRATEGICREGION_45"
	provinces={
		110 427 626 795 929 1076 1284 1781 1995 2029 2227 2317 2454 2645 2666 2774 2790 2957 2979 3074 3258 3305 3382 3525 3724 3822 3886 3931 4072 4175 4612 5109 5245 5345 5379 5470 5585 5701 5900 5911 5986 6023 6028 6037 6096 6149 6180 6269 6377 6541 6631 6642 6985 7111 7125 7165 7300 7390 7500 7540 7615 7678 7689 7821 7983 7998 8107 8443 8565 8650 8864 9044 9054 9061 9163 9345 9473 9556 9566 9571 9625 9854 9929 9976 10120 10197 10522 10675 10778 10819 11120 11187 11274 11301 11390 11455 11476 11531 11540 11548 11553 11554 11568 11577 11596 11601 11615 11632 11655 11673 11705 11711 11720 11726 11731 11732 11741 11755 11769 11770 11774 11785 11787 11788 11805 11825 11826 11829 11830 11834 11837 11845 11851 11859 11860 11870 11878 11896 11897 11898 11901 11907 11915 11916 11921 11925 11926 11933 11934 11951 11952 11972 11976 11979 11996 12004 12009 12016 12039 18705 18713 18714 18722 18724 18725 18726 18727 18728 18729 18730 18731 18733 18734 
	}
	weather={
	}
}
