
strategic_region={
	id=6
	name="STRATEGICREGION_6"
	provinces={
		106 190 255 500 1605 1735 1739 1871 2137 2307 2398 2501 2721 2921 3341 3380 3609 4050 4123 4293 4686 4788 4924 4987 5082 5088 5253 5679 5904 6043 6270 6297 6306 6506 6523 6749 6888 7112 7414 7586 7785 7799 7872 7970 8031 8105 8119 8281 8391 8395 8405 8623 8822 9024 9172 9207 9599 9928 10065 10092 10139 10180 10247 10278 10420 10421 10433 10489 10505 10581 10607 10635 10663 10717 10769 10781 11338 11350 11370 11381 11395 11409 11415 11427 11440 11451 11452 11486 11492 11502 11521 11532 11533 11535 11536 11542 11604 11607 11621 11622 11628 11648 11651 11666 11702 11712 11721 11751 11762 11780 11781 11784 11793 11806 11807 11818 11832 11839 11840 11847 11849 11850 11854 11861 11865 11881 11910 11932 11954 11962 12012 12019 12042 12065 
	}
	weather={
	}
}
