
strategic_region={
	id=98
	name="STRATEGICREGION_98"
	provinces={
		21 140 220 228 270 284 398 477 582 603 1006 1044 1222 1361 1457 1467 1538 1601 1649 1776 1799 1862 1920 1960 2002 2009 2203 2345 2375 2422 2529 2542 2552 2607 2647 2710 2729 2800 2803 2814 2929 2972 3193 3243 3335 3444 3448 3501 3517 3605 3646 3674 3851 3921 3983 4103 4104 4149 4212 4222 4303 4383 4460 4568 4583 4636 4865 4996 5077 5148 5149 5162 5405 5486 5516 5634 5645 5699 5732 5739 5797 5814 5857 5867 5895 6017 6176 6204 6226 6295 6464 6466 6540 6548 6578 6886 6932 7035 7061 7279 7321 7359 7416 7484 7492 7501 7506 7548 7829 7831 7861 7905 8012 8021 8046 8054 8066 8217 8237 8254 8300 8412 8455 8540 8580 8867 8887 8890 8914 9023 9051 9088 9096 9116 9297 9313 9350 9351 9379 9501 9547 9639 9660 9709 9757 9898 9923 10049 10056 10086 10160 10213 10218 10255 10294 10332 10351 10354 10441 10473 10484 10492 10852 10881 10900 14668 14696 14708 14725 14885 14935 14945 14978 14999 15019 15028 15030 15060 15090 15096 15097 15104 15113 15127 15130 15131 15132 15139 15152 15157 15162 15174 15177 15189 15193 15197 15202 15208 15209 15215 15216 15229 15230 15231 15237 15240 15248 15257 15260 15263 15265 15273 15291 15297 15298 15308 15312 15316 15323 15327 15328 15330 15336 15338 15342 15343 15356 15357 15376 15377 15393 15396 15397 15409 15423 15424 15427 15430 15432 15433 15456 15457 15458 15469 15475 15497 15507 18680 18681 18685 18691 18707 18711 18712 18761 18762 18767 
	}
	weather={
	}
}
