
state={
	id=111
	name="STATE_111"
	provinces={
		146 416 545 619 660 709 956 1098 1149 1155 1209 1892 1972 2267 2378 2828 2968 3212 3391 3791 3863 4522 4608 4681 4767 5215 5280 5302 5459 5955 6166 6278 6349 6845 6913 6922 7361 7409 8194 8575 8908 8922 9031 9118 9245 9298 9358 10036 10249 10325 10494 10535 10634 13206 13301 13306 13332 13394 13445 13471 13537 13541 13553 13564 13584 13592 13629 13641 13646 13671 13697 13719 13722 13723 13734 13744 13745 13746 13752 13759 13761 13765 13791 13800 13801 13855 13899 
	}
	manpower=4397078
	buildings_max_level_factor=1.000
		history={
		owner = EKB
		
		add_core_of = EKB
	}
}
