
state={
	id=115
	name="STATE_115"
	provinces={
		282 390 639 666 685 699 751 868 1031 1170 1305 1511 1993 2058 2076 2420 2430 2453 2750 2874 2950 3536 3728 3953 3976 4183 4218 4266 4473 4638 4880 5265 5295 5360 5882 6060 6287 6503 6759 6806 7094 7131 7382 7585 7701 7804 7932 8006 8011 8162 8631 8771 8835 8840 8950 9141 9216 9569 9916 10045 10337 10394 13647 13730 13735 13788 13841 13892 13895 13916 13923 13972 13989 13993 14008 14035 14038 14044 14065 14074 14086 14087 14139 14204 14237 
	}
	manpower=0
	buildings_max_level_factor=1.000
}
