
state={
	id=117
	name="STATE_117"
	provinces={
		221 301 362 501 504 739 921 963 1070 1091 1173 1364 1469 1707 1819 1930 2164 2281 2536 2574 2585 2867 3040 3165 3541 3553 3631 4159 4363 4419 4432 4565 4663 4708 4749 4960 5111 5548 5689 5815 6258 6259 6331 6398 6431 6617 6646 6747 6775 6791 7332 7347 7631 8211 8306 8485 8911 8919 8940 8980 9238 9246 9694 9919 10198 10379 10447 10682 12853 12987 13131 13139 13154 13168 13169 13172 13216 13217 13234 13255 13272 13279 13284 13329 13336 13434 13503 13538 
	}
	manpower=874976
	buildings_max_level_factor=1.000
		history={
		owner = GAZ
		
		add_core_of = GAZ
	}
}
