state={
	id=118
	name="STATE_118"
	provinces={
		54 88 103 130 134 330 346 417 418 654 663 792 1007 1148 1154 1260 1274 1307 1320 1342 1367 1369 1379 1419 1431 1711 1790 1806 1831 1851 1854 1879 1888 1891 1922 2089 2161 2199 2226 2382 2448 2464 2604 2739 2777 2808 2868 3146 3272 3462 3481 3493 3506 3636 3672 3777 3801 3833 3858 3903 4002 4023 4035 4177 4241 4249 4342 4386 4389 4562 4573 4669 4891 4931 4950 5080 5152 5156 5425 5484 5500 5547 5570 5805 6014 6168 6484 6501 6580 6613 6640 6771 6776 6931 6970 6997 6999 7009 7054 7203 7224 7322 7468 7547 7611 7660 7810 7926 7965 8022 8085 8150 8190 8201 8515 8975 9028 9203 9236 9264 9437 9662 9716 9838 9845 9936 10064 10102 10163 10271 10286 10355 10376 10393 10464 10479 10561 10583 10612 10670 10708 10740 10806 11922 11937 11944 11964 11975 11994 12018 12021 12025 12034 12083 12084 12101 12132 12185 12236 12241 12247 12278 12295 12298 12309 12332 12404 12443 12518 12571 12586 12598 12618 12635 12652 12687 12692 12694 12695 12710 12733 12748 12758 12793 12845 12849 13012 13025 13059 13092 13093 13160 13163 13183 13265 13317 16862 16864 16865 
	}
	manpower=549448
	buildings_max_level_factor=1.000
		history={
		owner = GAZ
		
		add_core_of = GAZ
	}
}
