state={
	id=120
	name="STATE_120"
	provinces={
		874 1077 1078 2014 2026 2138 2387 2460 2564 2630 2776 3033 3213 3676 3992 4011 4457 4534 4615 4633 4738 4796 4835 5309 5400 5525 5540 5826 6138 6311 6370 6559 6928 7113 7213 7635 7995 8009 8023 8218 8332 9273 9665 10251 10864 14425 14433 14446 14456 14459 14460 14470 14477 14483 14500 14511 14522 14552 14553 14559 14589 14595 14599 14659 
	}
	manpower=3197532
	buildings_max_level_factor=1.000
		history={
		owner = NVS
		
		add_core_of = NVS
	}
	state_category=city
}
