
state={
	id=125
	name="STATE_125"
	provinces={
		37 117 405 522 826 1089 1255 1293 1295 1337 1530 1551 1678 1901 1938 2140 2221 2235 2958 3202 3286 3327 3543 3757 3867 3902 4181 4295 4357 4603 4776 5094 5314 5661 5906 6122 6291 6493 6761 6955 7784 7797 7828 7835 8008 8333 8463 8589 9099 9579 9584 9593 9637 9984 10312 10345 10374 14018 14098 14183 14274 14437 14454 14485 14490 14509 14520 14523 14540 14545 14558 14560 14565 14577 14596 14638 14675 14678 14710 14729 14739 14742 14753 14771 18683 18696 18700 
	}
	manpower=0
	buildings_max_level_factor=1.000
}
