
state={
	id=126
	name="STATE_126"

	history={
		owner = NOD
		add_core_of = NOD

	}

	provinces={
		10 105 163 298 486 585 728 754 774 825 848 1103 1128 1221 1474 1914 1931 1934 1946 1981 2256 2259 2811 3108 3207 3319 3320 3417 3589 4038 4338 4495 4517 4617 4838 4955 5004 5158 5268 5307 5319 5381 5426 5436 5576 6315 6317 6371 6425 6848 6956 7312 7403 7429 7486 7535 7667 7863 7945 8505 8798 9016 9146 9408 9527 9955 10412 10542 10630 14001 14063 14120 14121 14165 14185 14216 14288 14317 14342 14361 14382 14386 14395 14398 14404 14408 14414 14427 14440 14474 14505 14506 14533 14547 14562 14569 14634 14643 
	}
	manpower=3920956
	buildings_max_level_factor=1.000
	state_category=large_city
}
