
state={
	id=127
	name="STATE_127"
	provinces={
		15 35 349 436 471 512 527 624 637 726 750 783 935 977 1312 1452 1578 1630 1803 1998 2020 2231 2294 2322 2400 2755 3424 3542 3590 3671 3871 4276 4283 4554 4667 4753 4785 4901 4961 5096 5165 5188 5208 5219 5549 5659 5829 6144 6335 6868 7086 7161 7714 7745 8076 8257 8557 8590 8702 8785 9275 9646 10755 10868 13903 14066 14094 14131 14154 14176 14310 14389 14415 14450 14494 14538 14576 14586 14639 14650 14653 14658 14719 14747 
	}
	manpower=1483520
	buildings_max_level_factor=1.000
		history={
		owner = RZD
		add_core_of = RZD

		victory_points = {
			4961 20
		}
		victory_points = {
			5096 5
		}
	state_category=city
}
