
state={
	id=128
	name="STATE_128"

	history={
		owner = CPU
		add_core_of = CPU

	}

	provinces={
		61 315 840 859 933 1037 1058 1153 1241 1299 1713 1765 1980 2239 2433 2439 2580 2612 3050 3500 3710 4004 4109 4178 4223 4683 4842 5005 5207 5328 5408 5497 5648 5781 6094 6488 7049 7137 7459 7522 7536 8312 8704 9039 9615 9784 9815 9902 9931 10404 10424 13823 14019 14041 14061 14123 14134 14169 14172 14177 14226 14238 14284 14302 14354 14438 
	}
	manpower=1091133
	buildings_max_level_factor=1.000
	state_category=town
}
