
state={
	id=130
	name="STATE_130"
	provinces={
		2 36 79 182 373 452 462 568 610 819 942 1065 1223 1226 1324 1396 1541 1694 1754 1857 2094 2096 2168 2205 2298 2409 2465 2540 2551 2583 2794 2846 2848 2897 2901 2966 3001 3017 3030 3038 3063 3094 3109 3365 3422 3545 3597 3620 3625 3642 3691 4026 4234 4328 4412 4807 4928 4929 4963 5068 5078 5116 5126 5579 5607 5691 5706 6062 6069 6129 6200 6252 6274 6392 6567 6591 6620 6673 6839 6875 7010 7070 7179 7295 7327 7335 7427 7462 7530 7663 7686 7787 7864 7911 8230 8364 8379 8425 8533 8534 8740 8780 8795 9029 9364 9480 9612 9870 9920 10095 10169 10320 10334 10397 10550 10600 10628 10879 12633 12759 12814 12854 12913 12931 13090 13099 13140 13190 13237 13343 13370 13410 13459 13531 13620 13690 13694 13754 13760 13767 13792 13817 13827 13852 13880 13911 13912 13928 13959 13960 13980 14010 14067 14116 14198 14219 14227 14265 14289 16886 
	}
	manpower=1604678
	resources={
	tungsten=15
}
	buildings_max_level_factor=1.000
		history={
		owner = RIS
		
		add_core_of = RIS

		victory_points = {
			4963 35
		}
		victory_points = {
			7421 36
		}
		victory_points = {
			4807 5
		}
		victory_points = {
			7462 4
		}
		victory_points = {
			8740 4
		}
		victory_points = {
			2848 3
		}
		victory_points = {
			610 2
		}
	}
	state_category=town
}
