state={
	id=131
	name="STATE_131"
	provinces={
		807 1276 1496 2035 2360 2477 3436 3573 3698 3766 4688 4854 4914 5114 5315 6884 7022 7704 7960 8027 8122 8167 8207 8284 8495 8673 8962 9133 9161 9393 9475 9647 9801 10014 10777 10818 10823 14548 14550 14603 14670 14754 14767 14780 14786 14802 14816 14856 14862 14869 14878 14888 14938 14956 14977 14989 15000 15075 
	}
	manpower=2615521
	buildings_max_level_factor=1.000
		history={
		owner = RIS
		
		add_core_of = RIS
	}
	state_category=large_city
}
