
state={
	id=135
	name="STATE_135"
	provinces={
		59 109 123 168 266 278 285 352 401 564 652 691 692 855 896 1045 1328 1772 1796 1848 1939 2124 2225 2421 2452 2468 2484 2637 2816 2819 2832 2872 2994 3012 3061 3164 3195 3241 3242 3271 3299 3427 3575 3600 3771 3974 4292 4355 5052 5124 5441 5675 5754 6290 6338 6592 6635 6730 6765 6889 7260 7454 7562 7658 7914 7937 8251 8299 8370 8948 9102 9267 9303 9649 9710 9808 10466 10519 10789 10896 11823 11838 11899 11980 11987 11992 12002 12056 12137 12155 12171 12186 12253 12258 12326 12388 12403 12413 12467 12549 12563 12599 12622 12669 12711 12716 12742 
	}
	manpower=0
	buildings_max_level_factor=1.000
}
