
state={
	id=136
	name="STATE_136"
	provinces={
		143 353 420 598 638 763 887 923 998 1071 1123 1134 1201 1366 1484 1514 1518 1521 1570 1639 1657 1775 1961 2156 2222 2245 2299 2515 2526 2587 2614 2628 2639 2890 2932 3044 3322 3333 3683 3825 3855 4022 4153 4314 4372 4423 4630 4670 4728 4766 4954 5189 5231 5504 5572 5936 6032 6135 6236 6348 6478 6720 6891 6998 7078 7229 7234 7253 7345 7393 7582 7716 7850 8189 8330 8489 8520 8630 8847 8926 9140 9165 9188 9316 9331 9332 9565 9740 9787 9872 9886 10053 10085 10124 10153 10164 10296 10356 10437 10501 11443 11507 11557 11586 11733 11885 11891 11900 11940 11965 12063 12162 12220 12354 12469 12471 12550 12572 12734 12767 12820 12846 12908 12914 12944 12968 13036 13072 13115 13128 
	}
	manpower=434289
	buildings_max_level_factor=1.000
		history={
		owner = VOL
		
		add_core_of = VOL
	}
	state_category=town
}
