
state={
	id=137
	name="STATE_137"
	provinces={
		51 147 183 198 243 287 366 394 571 609 748 847 884 995 1025 1151 1181 1288 1363 1381 1389 1458 1498 1787 1855 2154 2237 2320 2324 2356 2390 2394 2419 2490 2770 2931 2944 3115 3175 3184 3189 3302 3353 3388 3430 3442 3480 3511 3616 3701 3716 3866 3899 3947 3968 3978 4051 4110 4116 4198 4225 4294 4324 4348 4359 4494 4516 4540 4654 4717 4811 4872 4953 5130 5167 5173 5261 5501 5680 5694 5742 5777 5789 5802 5907 5985 6352 6355 6412 6436 6520 6593 6651 6674 6780 6836 6878 7085 7117 7171 7220 7246 7291 7354 7360 7387 7560 7594 7630 7950 8025 8161 8266 8424 8539 8567 8573 8668 8724 8791 8800 8816 8930 8936 9117 9171 9271 9317 9338 9412 9416 9549 9606 9663 9943 10080 10531 10567 10659 10664 10694 10696 10786 10910 10929 10931 10936 10938 10948 10954 10958 10959 10963 10964 10965 10969 10970 10974 10978 10979 10980 10982 10984 10985 10986 10994 10996 11000 11001 11002 11003 11004 11007 11008 11011 11019 11021 11038 11040 11063 11078 11105 11106 11133 11150 11152 11166 11171 11172 11198 11209 11212 11226 11238 11263 11269 11282 11291 11293 11300 11309 11358 11375 11468 11498 11556 11589 16833 
	}
	manpower=69495
	buildings_max_level_factor=1.000
		history={
		owner = VOL
		
		add_core_of = VOL

		victory_points = {
			6436 5
		}
	}
	state_category=pastoral
}
