
state={
	id=138
	name="STATE_138"
	provinces={
		25 38 71 72 132 136 180 259 267 297 311 327 341 475 479 485 514 541 552 562 595 599 677 706 766 769 815 835 878 906 914 941 1028 1041 1049 1055 1097 1107 1116 1117 1196 1212 1225 1240 1279 1323 1402 1416 1441 1449 1486 1536 1579 1640 1648 1722 1725 1759 1777 1795 1828 1886 1905 1936 2027 2109 2112 2130 2172 2238 2253 2278 2361 2416 2450 2462 2494 2504 2521 2554 2563 2601 2606 2651 2696 2715 2743 2784 2792 3003 3144 3197 3226 3237 3358 3370 3432 3510 3518 3550 3562 3601 3689 3694 3745 3784 3800 3814 3909 3980 3985 3986 4019 4036 4052 4069 4143 4192 4263 4304 4308 4379 4402 4455 4502 4509 4539 4584 4587 4610 4658 4671 4678 4694 4695 4873 4930 5051 5117 5132 5183 5193 5232 5258 5262 5378 5382 5393 5403 5437 5442 5468 5524 5559 5574 5584 5660 5684 5696 5711 5758 5784 5808 5855 5883 5938 5946 5967 6001 6042 6073 6113 6163 6201 6207 6275 6302 6411 6414 6461 6476 6598 6638 6645 6649 6722 6750 6787 6895 6974 7020 7027 7092 7103 7170 7184 7277 7286 7307 7314 7342 7349 7356 7463 7618 7623 7687 7753 7878 7897 7972 8007 8064 8106 8170 8216 8477 8517 8559 8566 8619 8626 8634 8729 8899 8920 8932 8959 8966 8976 8982 9056 9095 9100 9319 9485 9581 9634 9673 9693 9707 9967 9986 10208 10367 10396 10439 10467 10564 10586 10729 10838 11257 11285 11297 11302 11324 11334 11335 11357 11383 11385 11393 11418 11426 11450 11500 11519 11560 11570 11578 11588 11597 11602 11626 11633 11665 11670 11707 11763 11782 11799 11800 11809 11813 11831 11835 11846 11871 11872 11879 11919 11938 11941 11947 11956 11957 12037 12040 12050 12094 12096 12102 12117 12134 12165 12192 12218 12242 12251 12279 12288 12296 12299 12357 12358 12384 12386 12438 12447 12493 12531 12587 12636 12668 12682 12707 12730 12749 12765 12776 12798 12819 12827 12840 12841 12898 12912 12925 12963 12988 12993 13003 13037 13039 13086 13124 13161 13208 16857 
	}
	manpower=0
	buildings_max_level_factor=1.000
}
