
state={
	id=139
	name="STATE_139"

	history={
		owner = KRS
		add_core_of = KRS

	}

	provinces={
		86 374 435 449 459 1050 1113 1668 1842 2085 2246 2303 2555 2592 2894 2923 2964 3028 3154 3209 3261 3309 3394 3821 3935 4060 4101 4106 4285 4350 4546 4559 4570 4797 4814 4939 5012 5017 5440 5452 5454 6046 6053 6140 6715 7176 7392 7407 7832 7873 8286 8756 8866 9093 9974 9978 10002 10138 10142 10304 13741 14000 14040 14093 14193 14218 14224 14225 14303 14333 14366 14370 14457 18704 
	}
	manpower=3100293
	buildings_max_level_factor=1.000
}
