
state={
	id=140
	name="STATE_140"
	provinces={
		19 24 31 33 44 45 56 60 63 68 80 95 100 126 137 171 196 203 205 210 263 265 295 306 319 324 347 356 389 407 455 457 466 473 483 488 497 511 519 556 558 563 578 608 612 627 629 630 644 645 678 707 713 721 729 737 759 777 779 877 881 888 893 902 939 952 955 967 983 984 992 1009 1106 1124 1157 1169 1172 1207 1247 1259 1271 1285 1291 1308 1330 1336 1348 1352 1372 1378 1384 1394 1412 1443 1453 1462 1463 1483 1528 1540 1559 1563 1564 1596 1600 1602 1626 1641 1644 1669 1686 1699 1714 1743 1745 1770 1789 1798 1832 1844 1878 1882 1917 1925 1957 1967 1976 1997 2003 2011 2013 2022 2050 2113 2123 2135 2141 2142 2149 2152 2169 2179 2190 2200 2210 2218 2290 2291 2293 2335 2347 2350 2351 2358 2368 2377 2408 2425 2449 2483 2505 2533 2538 2541 2544 2560 2562 2619 2632 2662 2678 2679 2682 2684 2695 2698 2702 2719 2738 2761 2780 2821 2835 2861 2866 2873 2908 2913 2915 2927 2954 2967 3015 3029 3043 3049 3114 3116 3152 3159 3167 3174 3224 3240 3281 3284 3300 3304 3307 3325 3328 3329 3332 3337 3369 3401 3425 3437 3508 3509 3537 3582 3635 3682 3687 3702 3712 3739 3770 3797 3799 3840 3862 3892 3923 3926 3927 3944 3998 4005 4006 4010 4012 4018 4032 4034 4059 4061 4065 4067 4068 4082 4089 4097 4099 4135 4190 4196 4213 4219 4239 4245 4251 4323 4344 4364 4417 4433 4444 4450 4476 4487 4518 4524 4560 4567 4572 4575 4640 4646 4720 4722 4734 4779 4789 4795 4801 4813 4820 4916 4933 4958 4968 4992 5010 5025 5048 5056 5060 5072 5092 5218 5237 5240 5301 5351 5373 5374 5386 5389 5404 5414 5432 5448 5464 5491 5498 5518 5538 5555 5568 5578 5582 5583 5611 5624 5629 5633 5719 5748 5760 5824 5845 5874 5901 5933 5954 5961 5997 6024 6068 6081 6097 6098 6158 6183 6203 6227 6254 6284 6367 6383 6404 6408 6450 6498 6513 6515 6517 6556 6577 6623 6627 6628 6652 6665 6678 6701 6735 6757 6777 6794 6798 6821 6865 6887 6893 6916 6939 6946 6957 6964 7052 7079 7110 7167 7225 7231 7315 7318 7324 7330 7336 7344 7355 7391 7450 7478 7499 7532 7537 7545 7589 7596 7600 7641 7650 7653 7698 7771 7774 7781 7839 7846 7867 7919 7949 7966 8017 8036 8075 8166 8172 8224 8291 8295 8317 8319 8325 8338 8418 8528 8558 8585 8620 8649 8655 8683 8691 8703 8712 8718 8723 8728 8745 8778 8788 8789 8792 8821 8846 8879 8889 8944 8971 8974 8983 8994 9042 9052 9114 9126 9136 9158 9162 9226 9258 9260 9307 9392 9423 9453 9459 9526 9548 9562 9598 9617 9786 9788 9803 9816 9830 9847 9878 9945 10016 10021 10035 10041 10046 10061 10094 10127 10137 10175 10215 10234 10264 10269 10288 10310 10336 10353 10366 10432 10468 10472 10483 10499 10516 10524 10546 10631 10657 10662 10703 10716 10718 10732 10827 10848 10856 10919 11060 11100 11112 11143 11146 11169 11175 11183 11214 11242 11271 11287 11303 11306 11352 11367 11384 11411 11412 11414 11433 11437 11462 11465 11481 11520 11524 11545 11555 11598 11606 11619 11650 11685 11691 11692 11696 11744 11783 11814 11820 11836 11853 11863 11866 11913 11931 11935 11948 11968 11971 11974 11986 12001 12010 12017 12061 12062 12090 12091 12097 12113 12123 12141 12166 12193 12194 12198 12219 12224 12275 12282 12325 12333 12366 12370 12387 12421 12448 12454 12459 12490 12503 12519 12555 12578 12601 12629 12630 12654 12693 12726 12740 12766 12780 12817 12837 12842 12907 12964 12965 12967 13052 13058 13061 13068 13074 13075 13089 13094 13132 13143 13231 13235 13250 13283 13296 13320 13360 13364 13446 13483 13511 13573 13594 13630 13638 13675 13676 13693 13706 13783 13790 13829 16853 16859 
	}
	manpower=1212631
	buildings_max_level_factor=1.000
		history={
		owner = YAK
		
		add_core_of = YAK
	}
}
