state={
	id=299
	name="STATE_299"
	provinces={
		1022 1314 1534 1952 2764 3847 4489 5021 5145 5508 5759 6006 6036 6193 6246 6415 6840 7141 7353 7802 7819 7848 7874 8082 8288 8433 8488 8511 8605 8659 9110 9235 9376 9728 10032 10359 10726 10863 11262 11267 11275 11292 11294 11332 11359 11372 11376 11408 11438 11445 11446 11456 11459 11460 11470 11482 11501 11515 11527 11537 11546 11573 11613 11734 
	}
	manpower=0
	buildings_max_level_factor=1.000

	history={
		owner = AND
		
		add_core_of = AND
	}	
}
