
state={
	id=331
	name="STATE_331"
	provinces={
		13 364 641 852 865 1081 1121 1357 1504 1701 1784 1866 2495 3065 3188 3248 3534 3811 3936 4046 4165 4180 4326 4470 4736 5618 5713 5782 5897 6033 6051 6161 6550 6686 7145 7166 7201 7214 7319 7776 8227 8968 9391 9407 10147 10227 10290 10611 10677 10857 10902 11142 11145 11168 11179 11220 11241 11260 11284 11305 11307 11312 11316 11320 11328 11331 11337 11342 11344 11366 11380 11399 11403 11410 11431 11464 11514 
	}
	manpower=0
	buildings_max_level_factor=1.000
	history={
		owner = SDE
		
		add_core_of = SDE
	}
}
}
