state={
	id=333
	name="STATE_333"
	provinces={
		159 1840 1988 2001 2565 3406 3561 3593 4512 4541 5090 5619 5651 6403 6585 6790 6962 7021 7163 7207 7257 8183 8343 9214 9233 9249 9887 10257 10616 11288 11351 11356 11392 11404 11417 11461 11480 11490 11505 11509 11550 11567 11572 11583 11584 11594 11595 11610 11611 11614 11624 11625 11646 11647 11649 11652 11653 11663 11672 11678 11682 11686 11687 11700 11703 11714 11716 18718 18720 
	}
	manpower=0
	buildings_max_level_factor=1.000
	history={
		owner = SDE
		
		add_core_of = SDE
	}
}
