state={
	id=335
	name="STATE_335"
	provinces={
		593 858 1346 1362 1800 2212 2247 2661 3192 3216 3798 3891 4259 4478 5030 5365 5757 6059 6480 6744 6926 6933 7297 8893 9097 9137 9396 9489 9553 10038 10187 10487 10715 11013 11014 11016 11017 11023 11024 11028 11029 11031 11041 11043 11044 11045 11046 11048 11057 11059 11062 11064 11090 11094 11119 11137 11159 11163 11165 11197 11225 16841 16842 16843 16844 16845 16846 16847 16848 16849 
	}
	history={
	victory_points = {
		593 2 }	
	
	owner = NOR
	add_core_of = NOR
	}	
	state_category=pastoral
	manpower = 2000
	buildings_max_level_factor=1.000
}
