state={
	id=372
	name="STATE_372"
	provinces={
		93 94 118 380 381 465 469 524 554 590 752 832 968 1036 1210 1440 1461 1517 1594 1794 1804 1808 2077 2099 2289 2386 2461 2546 2648 2854 2885 3288 3359 3514 3725 3850 3912 3917 4378 4448 4964 5135 5395 5644 5853 5949 6147 7039 7375 7444 7490 7885 8591 8912 9730 10512 10585 10706 10802 12033 12047 12256 12329 12355 12556 12558 12688 12696 12874 12926 13000 13076 13156 13222 13292 13349 13435 
	}
	manpower=0
	buildings_max_level_factor=1.000
	history={
		owner = UAS
		
		add_core_of = UAS
	}
}
