
state={
	id=377
	name="STATE_377"
	provinces={
		12 202 335 742 747 831 853 954 1072 1145 1234 1391 1494 1531 1631 1751 1872 1902 1904 2054 2110 2139 2543 2659 3273 3277 3298 3364 3453 3515 3670 4398 4465 4466 4729 5020 5169 5176 5834 5866 5868 6187 7074 7372 7639 7733 7895 7921 8219 8825 8881 9686 9809 10012 10023 10027 10605 13639 13654 13677 13924 13932 13962 14011 14024 14150 14217 14266 14374 
	}
	manpower=0
	buildings_max_level_factor=1.000
	history={
		owner = UAS
		
		add_core_of = UAS
	}
}
