state={
	id=379
	name="STATE_379"
	provinces={
		170 246 249 317 406 490 515 576 650 656 723 810 864 1120 1132 1193 1217 1329 1425 1450 1603 1732 1768 1846 2051 2162 2458 2625 2669 2833 2858 2859 2877 2893 2903 2930 2935 2939 3000 3098 3156 3474 3735 3764 4100 4112 4187 4394 4515 4563 4741 5007 5061 5257 5338 5342 5472 5550 5733 5780 5813 6076 6141 6175 6483 6810 7071 7333 7405 7456 7708 7842 7902 8038 8226 8743 8753 9037 9281 9745 9859 9941 10070 10104 10125 10350 10622 10854 10915 14095 14117 14191 14212 14295 14324 14349 14367 14375 14384 14428 14431 14464 14518 14526 14527 14574 14626 14756 14829 14834 14974 15115 15166 
	}
	manpower=0
	buildings_max_level_factor=1.000
	history={
		owner = UAS
		
		add_core_of = UAS
	}
}
