state={
	id=386
	name="STATE_386"
	provinces={
		34 58 214 340 345 472 493 890 1017 1020 1199 1332 1476 1632 1760 1824 2146 2310 2418 2809 2842 3025 3051 3223 3249 3269 3381 3747 4093 4316 4435 4602 4876 5076 5123 5489 6189 6255 6345 6681 6792 6869 7133 7142 7796 7939 7988 8225 8273 8292 8375 8953 9191 9337 10015 10039 10594 14636 14835 14849 14881 14917 15082 15087 15170 15250 15267 15272 15303 
	}
	manpower=0
	buildings_max_level_factor=1.000
	history={
		owner = EGY
		
		add_core_of = EGY
	}
}
