state={
	id=397
	name="STATE_397"
	provinces={
		22 77 294 310 332 397 434 438 476 521 600 671 690 744 969 1281 1292 1355 1377 1436 1525 1757 1928 1973 2242 2502 2727 2899 2910 3138 3720 3848 3865 3875 3972 4268 4530 4742 4845 4849 4998 5592 5787 5972 6685 6717 6979 7007 7543 7552 7736 7751 8169 8178 8861 9507 9802 9905 10894 15234 15299 15302 15355 15402 15446 15547 15579 15733 15810 15820 15913 15940 15990 
	}
	manpower=0
	buildings_max_level_factor=1.000
	history={
		owner = UAS
		
		add_core_of = UAS
	}
}
