
state={
	id=400
	name="STATE_400"
	resources={
		aluminium=14.000
	}

	history={
		owner = RWR
		buildings = {
			infrastructure = 4

		}
		add_core_of = RWR
		victory_points = {
			11263 5
		}
	}

	provinces={
		31 45 73 88 112 119 146 175 272 359 3004 3017 3027 3041 3066 3103 3112 3139 3146 3167 3186 3264 3270 3294 3300 3363 3394 6089 6110 6124 6133 6162 6171 6191 6213 6224 6274 6288 6297 6372 6383 9050 9065 9114 9146 9172 9180 9192 9214 9270 9370 9390 10200 11051 11087 11110 11124 11133 11149 11158 11170 11192 11193 11255 11263 11286 11354 11365 
	}
	manpower=2115475
	buildings_max_level_factor=1.000
	state_category=town
}
