state={
	id=409
	name="STATE_409"
	provinces={
		129 269 450 460 561 622 711 757 836 867 879 892 1087 1244 1587 1750 1849 2341 2485 2667 2896 3215 3551 3623 3749 3932 4133 4270 4427 5095 5137 5681 6052 6344 6579 7177 7396 7430 7449 7931 7957 8244 8318 8456 8458 9007 9254 9552 9683 9850 9934 10203 10554 10632 10764 16520 16550 16576 16588 16590 16612 16620 16624 16650 16666 16683 16698 16701 16719 16729 
	}
	manpower=0
	buildings_max_level_factor=1.000
	history={
		owner = YEM
		
		add_core_of = YEM
	}	
}
