state={
	id=410
	name="STATE_410"
	provinces={
		289 693 1016 1325 1445 1731 1867 2240 2319 2593 2707 2990 3900 4253 4852 5113 5136 5411 5881 5956 6298 6368 6740 6753 6824 7051 7460 7684 7920 8094 8116 8366 8429 8667 8880 9091 9132 9134 9304 9627 9719 9756 10062 10250 10482 10560 10574 10899 16340 16371 16385 16395 16396 16407 16413 16419 16422 16431 16435 16440 16452 16455 16458 16470 16479 16484 16487 16495 16514 16526 16531 16545 16552 16554 16559 16568 
	}
	manpower=0
	buildings_max_level_factor=1.000
	history={
		owner = YEM
		
		add_core_of = YEM
	}	
}
