state={
	id=418
	name="STATE_418"
	provinces={
		14 17 78 201 308 337 393 423 470 924 1086 1444 1527 1679 1782 1839 1885 1889 1978 2083 2087 2160 2185 2192 2255 2297 2355 2391 2507 2534 2731 2742 2817 2936 2948 2974 2995 3056 3093 3244 3415 3632 3653 3684 3718 3960 4273 4401 4426 4429 4496 4519 4656 4721 4747 4783 4829 5282 5391 5510 5529 5788 5799 6022 6126 6462 6630 6773 6906 7235 7386 7452 7587 7735 7739 7795 7882 8260 8394 8461 8476 8960 9006 9058 9089 9092 9124 9217 9310 9365 9455 9543 9696 9766 9868 9889 10010 10240 10652 10897 15881 15894 15901 15922 15935 15959 16057 16089 16144 16170 16174 16206 16231 16242 16264 16327 16334 16343 16344 16358 16393 16429 16441 16443 16464 16518 16521 
	}
	manpower=0
	buildings_max_level_factor=1.000
	history={
		owner = SAR
		
		add_core_of = SAR
	}	
}
