state={
	id=419
	name="STATE_419"
	provinces={
		166 387 724 803 845 982 1186 1287 1513 1547 1811 1953 1986 2119 2435 2512 2613 2763 2781 2796 2886 2925 3073 3089 3099 3170 3535 3572 3596 3681 4092 4158 4410 4461 4558 4682 4687 4770 5055 5535 5712 5793 5844 5951 6216 6221 6309 6429 6499 6684 6823 6986 7014 7293 7306 7424 7488 7636 7803 7830 7880 7938 8376 8387 8398 8409 8448 8862 9077 9240 9425 9477 9594 9717 10034 10052 10177 10228 10392 10400 10552 10707 10878 10885 15235 15259 15294 15387 15453 15488 15509 15586 15613 15642 15643 15696 15745 15795 15801 15832 15848 15893 15907 15927 15934 15956 15957 15971 15979 15982 15999 16017 16020 16021 16041 16047 16062 16075 16093 16094 16098 16125 16142 16146 16157 16225 
	}
	manpower=0
	buildings_max_level_factor=1.000
	history={
		owner = HAR
		
		add_core_of = HAR
	}	
}
