state={
	id=420
	name="STATE_420"
	provinces={
		121 200 250 333 375 425 509 674 676 793 802 830 889 996 1243 1321 1347 1501 1560 1591 1652 1813 1923 1968 2150 2332 2426 2438 2445 2584 2617 2813 2962 3059 3264 3276 3278 3373 3385 3763 3910 4312 4361 4375 4514 4579 4651 4839 4975 4994 5194 5480 5557 5597 5751 5771 5860 5869 6004 6086 6343 6570 6575 6610 6677 6732 6748 6850 6890 6947 6960 7116 7148 7398 7595 7746 7837 8002 8045 8340 8350 8470 8586 8809 8933 8986 9223 9272 9865 10033 10131 10193 10200 10541 10553 10701 10730 15535 15671 15774 15794 15878 15912 15939 15965 16005 16025 16032 16056 16088 16117 16126 16130 16140 16168 16180 16201 16204 16217 16218 16248 16277 16282 16299 16357 
	}
	manpower=0
	buildings_max_level_factor=1.000
	history={
		owner = SAR
		
		add_core_of = SAR
	}	
}
