state={
	id=432
	name="STATE_432"
	provinces={
		484 510 569 1060 1326 1339 1656 1718 2183 2288 2456 2566 2887 3111 3549 3566 3680 3915 4712 4730 4751 5248 5285 5517 5604 5655 5666 6011 6128 6162 6307 6760 6951 7015 7583 7612 8010 8029 8133 8309 8510 8770 9325 9347 9448 9632 9820 10005 10438 14132 14184 14195 14209 14228 14232 14241 14244 14257 14267 14272 14301 14304 14313 14321 14330 14339 14350 14363 14368 14376 14388 14393 14421 14435 14447 14467 14493 18746 18747 
	}
	manpower=0
	buildings_max_level_factor=1.000
	history={
		owner = TUR
		
		add_core_of = TUR
	}
}
