state={
	id=436
	name="STATE_436"
	provinces={
		74 261 379 2309 2960 3148 3262 3378 4467 5024 6048 6250 6336 6954 7029 7944 8114 8321 8390 8522 8684 9130 9577 9779 10267 10592 10783 14661 14664 14700 14701 14711 14717 14731 14750 14757 14760 14783 14791 14792 14797 14820 14839 14841 14848 14859 14860 14864 14866 14877 14884 14896 14907 14915 14916 14923 14930 14940 14949 14951 14955 14986 18751 
	}
	manpower=0
	buildings_max_level_factor=1.000
	history={
		owner = PER
		
		add_core_of = PER
	}	
}
