state={
	id=532
	name="STATE_532"
	provinces={
		65 99 167 441 596 822 1053 1723 1744 1749 1894 2397 2413 2414 2578 2653 2785 3072 3496 3540 3608 3742 3873 3971 4049 4054 4185 4343 4393 4430 4469 4536 4733 4806 4822 4830 4935 4947 5180 5225 5473 5779 5849 5959 6288 6340 6719 6919 7066 7106 7118 7439 7502 7647 7672 7702 8337 8466 8478 8827 9022 9155 9821 10098 10276 10877 14296 14318 14357 14372 14378 14380 14406 14418 14424 14426 14443 14465 14469 14487 14529 14539 14564 14608 14610 14646 14683 14687 14691 14712 14741 
	}
	manpower=869637
	Resources={
	chromium=120
}
	buildings_max_level_factor=1.000
		history={
		owner = RNG
		
		add_core_of = RNG
	}
	state_category=town
}
