
state={
	id=533
	name="STATE_533"
	provinces={
		270 398 477 603 1006 1467 1960 2009 2203 2542 2607 2710 2729 2814 3243 3444 3517 3674 4212 4222 4460 5077 5857 6226 6464 6578 6886 7061 7279 7359 7416 7548 7831 7905 8021 8254 8540 8580 9023 9096 9313 9350 9351 9379 9547 10332 10351 10852 10881 14668 14696 14708 14725 14885 14935 14945 14978 14999 15019 15028 15090 15096 15174 18680 18685 18691 18707 18711 18712 
	}
	manpower=0
	buildings_max_level_factor=1.000
		history={
		owner = KAZ
		
		add_core_of = KAZ
	}
}
