state={
	id=537
	name="STATE_537"
	provinces={
		225 326 966 1019 1047 1351 1884 2102 2478 2636 3024 3110 3842 4528 4581 4889 5394 5723 5773 5809 5934 6124 6308 6372 6427 6555 6607 6611 6653 6829 6844 6914 6968 7002 7269 7402 7470 7640 7817 7840 8016 8128 8346 8361 8363 8538 8857 8951 8998 9021 9045 10051 10067 10189 10668 10674 10797 10843 14628 14655 14663 14672 14680 14704 14726 14738 14743 14807 14818 14831 14872 14874 14910 14911 14912 14928 14946 15004 15010 15014 15021 15031 15035 15071 15091 15094 15101 15108 15119 15123 15150 15171 15217 18758 
	}
	manpower=0
	buildings_max_level_factor=1.000
	history={
		owner = KAZ
		
		add_core_of = KAZ
	}
}
