
state={
	id=538
	name="STATE_538"
	provinces={
		277 296 448 635 661 712 812 909 971 1165 1180 1277 1417 1627 1673 1680 1692 1791 1959 1971 2053 2206 2280 2395 2417 2575 2870 3047 3125 3315 3342 3416 3692 3816 3845 3964 4156 4272 4284 4288 4576 4870 5073 5455 5638 5652 5693 5843 5989 6210 6261 6318 6353 6595 6804 6849 6873 6965 7069 7479 7544 7565 7910 7955 8699 8796 8871 9002 9515 9608 9635 9726 9791 9799 10025 10054 10168 10454 10511 10520 10540 10597 14544 14588 14602 14637 14640 14652 14685 14697 14703 14707 14709 14733 14765 14784 14789 14806 14826 14827 14855 14868 14875 14883 14898 14901 14942 14964 14979 14980 14987 15003 15017 15020 15038 15049 15058 15093 
	}
	manpower=0
	buildings_max_level_factor=1.000
	history={
		owner = RNG
		
		add_core_of = RNG
	}
}
