state={
	id=595
	name="STATE_595"
	provinces={
		173 404 2097 2136 2440 2831 2914 2973 3005 3121 3198 3379 3384 3787 4416 4529 4791 4798 5062 5226 6000 6008 6281 6357 6449 6561 6990 7062 7073 7209 7426 7549 7707 8061 8215 8779 9511 9692 9759 10617 15814 15834 15839 15842 15847 15854 15868 15873 15875 15886 15889 15890 15900 15915 15918 15924 15931 15932 15941 15942 15947 15955 15972 15991 16002 16012 16013 16035 16050 
	}
	manpower=0
	buildings_max_level_factor=1.000
		history={	
	
	owner = WRC
	add_core_of = WRC
	}
}
