state={
	id=602
	name="STATE_602"
	provinces={
		29 120 222 299 365 492 499 544 591 592 940 1102 1171 1194 1509 1568 1763 1821 1870 1887 2186 2313 2812 3368 3407 3556 3577 3868 3894 4021 4120 4150 4315 4387 4497 4965 5084 5221 5263 5364 5433 5637 5690 5810 5889 6095 6213 6896 6969 7455 7511 7930 8112 8140 8475 8656 8837 8848 9025 9339 9940 10129 10558 10678 10746 16305 16325 16336 16351 16373 16379 16383 16406 16408 16415 16416 16418 16430 16439 16442 16446 16448 16492 16517 16519 16558 16560 
	}
	manpower=0
	buildings_max_level_factor=1.000
		history={	
	
	owner = NRC
	add_core_of = NRC
	}
}
