state={
	id=616
	name="STATE_616"
	provinces={
		207 256 274 597 689 715 794 1477 1485 1500 1502 1577 1852 2127 2189 2680 2857 2943 3185 3293 3346 3494 3666 3793 3859 3881 4200 4291 4336 4345 4501 4620 5018 5026 5104 5112 5273 5334 5476 5546 5790 5898 6105 6148 6283 6292 6294 6492 7040 7093 7152 7206 7254 7289 7556 8127 8262 8371 8576 8773 9250 9576 14263 14329 14462 14524 14541 14597 14660 14681 14692 14720 14740 14790 14793 14800 14801 14813 14833 14887 14925 14958 14983 18752 
	}
	manpower=0
	buildings_max_level_factor=1.000
		history={
		owner = MAN
		
		add_core_of = MAN
	}
}
