state={
	id=617
	name="STATE_617"
	provinces={
		66 218 235 245 262 363 508 566 640 662 746 843 950 1033 1176 1187 1195 1273 1283 1344 1429 1507 1620 1670 1672 1926 2007 2031 2101 2175 2381 2411 2499 2509 2535 2594 2712 2733 2749 2783 2826 2963 2985 2986 3014 3039 3064 3120 3172 3313 3330 3331 3411 3482 3626 3658 3772 3773 3878 3908 3963 4025 4073 4182 4320 4371 4442 4454 4499 4535 4586 4605 4623 4647 4700 4781 4787 4826 4971 4981 5047 5110 5177 5281 5402 5495 5878 5905 5973 6181 6192 6211 6452 6497 6512 6901 6991 7140 7292 7519 7534 7616 7679 7899 7916 8365 8430 8469 8514 8622 8938 9410 9476 9586 9735 9761 9775 9807 9848 9947 10006 10093 10117 10263 10444 10529 10575 10587 10722 10767 10873 14405 14491 14570 14619 14684 14686 14713 14808 14846 14970 15061 15154 15198 15220 15241 15243 15261 15270 15301 15362 15440 15476 15663 15706 15719 15742 15782 15809 15954 18750 
	}
	manpower=0
	buildings_max_level_factor=1.000
		history={
		owner = MON
		
		add_core_of = MON
	}
}
