state={
	id=637
	name="STATE_637"
	provinces={
		3 8 42 102 115 211 253 276 328 535 536 601 605 651 670 683 703 705 945 979 981 1035 1068 1093 1126 1203 1251 1303 1309 1340 1424 1503 1674 1708 1736 1742 1756 1778 1785 1858 1896 1927 1989 2017 2024 2041 2108 2134 2178 2244 2306 2308 2316 2491 2506 2569 2640 2664 2692 2752 2757 2840 2869 2881 2895 2987 2993 3018 3032 3067 3086 3095 3169 3182 3229 3232 3252 3312 3504 3547 3637 3679 3857 3888 4044 4102 4125 4160 4171 4195 4235 4370 4413 4451 4503 4511 4548 4551 4650 4692 4713 4771 4846 4952 4966 5036 5107 5192 5228 5243 5398 5421 5536 5599 5657 6089 6110 6190 6361 6428 6437 6439 6518 6563 6587 6590 6636 6656 6831 6927 7017 7195 7199 7285 7366 7441 7529 7577 7688 7827 7853 7915 7968 8020 8091 8100 8134 8249 8290 8382 8415 8451 8504 8544 8546 8582 8642 8666 8680 8716 8742 8752 8907 9080 9213 9373 9528 9620 9734 10007 10171 10537 10688 10757 10795 10810 10828 14779 14785 14828 14840 14890 14908 14909 14947 14952 14969 14988 15005 15006 15066 15102 15109 15120 15153 15159 15190 15203 15218 15219 15224 15278 15284 15288 15321 15351 15358 15370 15378 15382 15390 15413 15444 15485 15514 15550 15587 15596 15640 18748 18754 18755 
	}
	manpower=0
	buildings_max_level_factor=1.000
		history={
		owner = MON
		
		add_core_of = MON
	}
}
