state={
	id=638
	name="STATE_638"
	provinces={
		55 128 360 467 580 669 745 925 976 1011 1039 1135 1211 1418 1835 1897 1964 1970 2093 2132 2260 2279 2312 2488 2527 2629 2631 2693 2746 2754 2758 2769 3186 3371 3732 3812 3904 4163 4281 4414 4521 4552 4665 4731 4735 5014 5490 5792 5923 6205 6218 6277 6286 6303 6378 6671 6859 7138 7244 7249 7337 7700 7896 8131 8199 8354 8658 9224 9541 10559 10837 10875 10898 15938 16019 16023 16034 16037 16063 16070 16080 16083 16087 16122 16155 16176 16177 16189 16199 16202 16246 16283 18768 
	}
	manpower=0
	buildings_max_level_factor=1.000
		history={	
	
	owner = YGU
	add_core_of = YGU
	}
}
