state={
	id=639
	name="STATE_639"
	provinces={
		20 23 28 76 208 242 254 344 411 413 424 529 548 560 620 628 634 648 649 658 665 698 732 743 791 857 883 901 905 922 948 987 1034 1125 1179 1215 1248 1297 1316 1317 1338 1395 1499 1524 1545 1590 1612 1613 1638 1663 1696 1919 1929 1944 1963 2033 2047 2073 2080 2084 2155 2165 2209 2301 2389 2579 2597 2611 2675 2753 2759 2772 2839 3071 3113 3137 3190 3265 3311 3321 3389 3395 3473 3485 3523 3568 3647 3699 3761 3768 3807 3959 3973 3988 3990 4030 4084 4095 4137 4215 4333 4347 4367 4399 4403 4411 4424 4561 4588 4590 4599 4666 4675 4862 4886 4888 4959 5003 5057 5153 5213 5241 5289 5350 5506 5567 5627 5734 5795 5921 5993 6185 6230 6330 6384 6465 6508 6538 6586 6702 6834 6925 7128 7233 7299 7328 7348 7362 7654 7903 7943 7975 8003 8136 8221 8601 8732 8750 8906 8961 9017 9033 9194 9286 9292 9372 9573 9629 9892 9908 9966 10158 10248 10253 10324 10457 10497 10804 15158 15167 15206 15275 15283 15293 15320 15361 15369 15448 15502 15510 15513 15559 15563 15627 15650 15681 15698 15718 15721 15725 15731 15751 15755 15792 15813 15828 15829 15851 15860 15871 15874 15877 15920 15929 15966 15970 15985 15989 16006 16022 16027 16053 16086 16101 16121 18766 
	}
	manpower=0
	buildings_max_level_factor=1.000
	history={
		owner = YGU
		
		add_core_of = YGU
	}
}
