
state={
	id=640
	name="STATE_640"
	provinces={
		4 39 40 67 156 160 188 275 320 321 456 517 518 550 577 583 664 828 928 932 943 953 959 986 1002 1018 1038 1073 1083 1085 1110 1224 1289 1341 1358 1464 1482 1543 1588 1625 1704 1767 1883 1996 2012 2042 2171 2215 2522 2690 2823 2970 3102 3122 3161 3205 3246 3247 3318 3423 3546 3592 3649 3659 3779 3853 3864 3879 3907 4043 4088 4170 4237 4484 4571 4752 4777 4784 4986 5001 5157 5239 5530 5621 5639 6034 6108 6159 6231 6397 6421 6528 6582 6714 6871 6903 6908 7059 7395 7422 7554 7563 7661 7712 7719 7859 8342 8969 9125 9179 9404 9482 9781 9789 9804 9914 10166 10316 10739 10801 16141 16151 16222 16240 16251 16254 16255 16287 16295 16312 16324 16356 16378 16380 16382 16384 16398 16405 16432 16445 16469 16473 16483 16510 16512 16522 16544 16597 16602 
	}
	manpower=0
	buildings_max_level_factor=1.000
		history={	
	
	owner = TIB
	add_core_of = TIB
	}
}
