state={
	id=654
	name="STATE_654"
	provinces={
		108 155 204 350 386 503 543 611 675 1105 1456 1633 2074 2207 2233 2327 2371 2392 2528 2618 2641 2713 3026 3045 3130 3254 3308 3355 3890 3895 4015 4091 4407 4569 4644 4705 4941 5049 5120 5626 5765 5817 6078 6199 6494 7055 7087 7374 7677 8125 8384 8989 9123 9301 9624 9752 10157 10893 16345 16466 16471 16503 16504 16511 16525 16533 16534 16551 16553 16561 16571 16585 16595 16635 16672 16702 
	}
	manpower=0
	buildings_max_level_factor=1.000
	history={
		owner = IND
		
		add_core_of = IND
	}
}
