
state={
	id=672
	name="STATE_672"
	provinces={
		24 31 45 68 126 137 196 210 265 295 306 319 347 389 407 457 466 488 511 519 556 629 630 644 707 737 759 955 983 1169 1172 1271 1308 1336 1352 1394 1412 1462 1463 1600 1669 1743 1745 1770 1882 1957 1997 2011 2013 2050 2149 2152 2169 2200 2210 2291 2293 2335 2347 2350 2358 2368 2562 2632 2679 2684 2738 2761 2780 2873 2927 3015 3029 3116 3159 3284 3300 3307 3401 3682 3687 3702 3739 3770 3799 3926 3944 4010 4099 4196 4213 4219 4251 4344 4417 4444 4476 4487 4567 4720 4789 4795 4813 4916 4933 4958 4992 5025 5056 5060 5237 5240 5374 5414 5464 5491 5498 5555 5578 5760 5874 5901 5954 5961 6081 6097 6158 6404 6408 6450 6513 6515 6577 6701 6735 6794 6821 6865 6887 6893 7052 7110 7225 7318 7478 7532 7545 7589 7698 7846 7919 8036 8295 8317 8319 8325 8683 8718 8728 8778 8789 8846 8944 8971 9042 9114 9158 9260 9307 9423 9453 9526 9816 9847 10046 10288 10336 10353 10468 10472 10524 10546 10631 10662 10856 11271 11287 11306 11352 11367 11384 11411 11412 11414 11433 11437 11462 11465 11481 11520 11524 11545 11555 11598 11606 11619 11685 11692 11696 11744 11814 11820 11935 11948 11968 11974 11986 12090 12091 12097 12123 12141 12193 12198 12224 12282 12333 12370 12387 12421 12448 12503 12555 12578 12630 16859 
	}
	manpower=43021
	buildings_max_level_factor=1.000
		history={	
	
	owner = VOL
	add_core_of = VOL
	}
	state_category=pastoral
}
