
state={
	id=673
	name="STATE_673"

	history={
		owner = GOR
		add_core_of = GOR

	}

	provinces={
		19 56 63 80 95 100 205 324 356 563 578 627 645 678 713 877 939 952 1106 1259 1285 1348 1378 1384 1443 1453 1559 1596 1602 1644 1798 1917 2022 2113 2123 2135 2142 2218 2351 2449 2505 2560 2619 2682 2695 2821 2861 2908 3043 3167 3281 3329 3337 3425 3437 3635 3892 3927 3998 4034 4061 4190 4245 4323 4572 4575 4722 4734 4820 5373 5448 5538 6068 6367 6517 6628 6665 6678 6964 7324 7330 7344 7355 7499 7537 7596 7600 8224 8558 8620 8703 8788 8792 9258 9786 9878 9945 10041 10094 10137 10310 10366 10657 10716 10848 12654 12740 12766 12780 12817 12837 12907 12965 12967 13052 13068 13075 13094 13132 13231 13283 13296 13360 13446 13483 13573 13594 13630 13638 13676 13706 13783 13829 
	}
	manpower=705432
	buildings_max_level_factor=1.000
	state_category=town
}
