
state={
	id=674
	name="STATE_674"

	history={
		owner = GUL
		add_core_of = GUL

	}

	provinces={
		60 171 263 455 483 612 779 888 893 984 1009 1157 1247 1483 1564 1686 1714 1789 1844 1925 1967 2141 2408 2541 2544 2662 2678 2967 3332 3508 3509 4005 4059 4065 4082 4433 4518 4779 4801 5072 5386 5582 5583 5719 5748 6203 6254 6556 6757 6777 6946 7315 7641 7774 7839 8075 8166 8338 8655 8745 8983 9126 9226 9562 9598 9803 10016 10021 10061 10175 10516 10732 12629 12842 13058 13061 13074 13089 13143 13235 13250 13320 13364 13511 13675 13693 13790 
	}
	manpower=300421
	buildings_max_level_factor=1.000
	state_category=town
}
