state={
	id=679
	name="STATE_679"
	provinces={
		49 90 142 199 304 313 357 392 437 478 495 549 727 761 811 916 946 965 1026 1141 1257 1301 1430 1472 1519 1537 1565 1850 2036 2106 2163 2284 2311 2801 2836 2878 2889 2926 2980 3096 3106 3132 3176 3495 3627 3704 3806 3918 3929 4860 4902 5013 5034 5085 5131 5141 5168 5247 5250 5279 5367 5631 5728 5969 6070 6198 6496 7380 7491 7531 7659 7783 7959 7992 8103 8108 8529 9066 9069 9305 9377 9429 9585 9829 10031 10268 10275 13241 13249 13277 13340 13359 13381 13385 13416 13417 13487 13500 13510 13593 13636 13642 13666 13696 13712 13738 13747 13789 13836 13837 13864 13870 13946 14003 
	}
	manpower=0
	buildings_max_level_factor=1.000
		history={	
	
	owner = KRS
	add_core_of = KRS
	}
	state_category=rural
}
