
state={
	id=70
	name="STATE_70"
	provinces={
		606 799 978 1158 1421 1809 1822 2272 2436 2530 2650 2762 3133 3199 3285 3611 3776 3780 3997 4062 4105 4384 4556 4619 4664 5063 5276 5318 5392 5672 5724 6106 6524 6892 7657 7741 7836 8303 9269 9340 9611 9750 9762 10181 10349 10841 10918 11775 11827 11855 11856 11894 11912 11973 12041 12055 12080 12093 12119 12120 12122 12131 12170 12183 12217 12252 12266 12320 
	}
	manpower=49403
	buildings_max_level_factor=1.000
			history={
		owner = NRU
		
		add_core_of = NRU
	}
}
