
state={
	id=71
	name="STATE_71"
	provinces={
		131 643 749 813 918 1142 1390 1459 1510 1574 1710 2129 2133 2269 2741 2843 3041 3457 3524 3588 3650 4318 4337 4684 5352 5366 5396 5927 6118 6146 6380 6566 6634 6731 7083 7144 7221 7241 7258 7507 7572 7724 7811 7826 7946 8049 8060 8062 8186 8404 8547 8705 8734 8892 9049 9308 9384 9439 9727 9744 9981 10331 10475 10727 10987 10989 10998 11005 11018 11020 11047 11068 11085 11111 11234 11249 11250 11268 11279 11313 11318 11349 11364 11371 11407 11518 11664 16839 16840 16851 16852 
	}
	manpower=0
	buildings_max_level_factor=1.000
}
