
state={
	id=74
	name="STATE_74"
	provinces={
		48 154 162 458 736 773 781 1079 1095 1167 1249 1256 1270 1533 1826 1838 2052 2082 2268 2274 2334 2352 2380 2508 3214 3234 3439 3789 3841 3856 4008 4287 4437 4479 4773 4855 5083 5324 5409 5745 5873 6329 6699 7433 7448 7561 7699 7898 7906 7935 8527 8923 9018 9344 9518 9622 10066 10237 10361 10629 10768 12246 12308 12399 12416 12428 12436 12437 12492 12548 12617 12664 12706 12787 12881 12889 12894 12943 12992 
	}
	manpower=885785
	resources={
	aluminium=60
	rubber=10
}
	buildings_max_level_factor=1.000
			history={
		owner = RWR
		add_core_of = RWR
	}
	state_category=large_town
}
